1.6094379124341    8.37614840753342
1.79175946922805    8.06316686286491
1.94591014905531    7.78377480381891
2.07944154167984    7.53327442859685
2.19722457733622    7.30723630689533
2.30258509299405    7.10194054565526
2.39789527279837    6.91419898095065
2.484906649788    6.74134061395055
2.56494935746154    6.58165283655761
2.63905732961526    6.43303482041092
2.70805020110221    6.2943080789375
2.77258872223978    6.16410065863376
2.83321334405622    6.04192425510078
2.89037175789616    5.926134461315
2.94443897916644    5.81669658007909
2.99573227355399    5.71290670885583
3.04452243772342    5.61401258211839
3.09104245335832    5.51954076602839
3.13549421592915    5.42921205964954
3.17805383034795    5.34327279044231
3.2188758248682    5.26053857690702
3.25809653802148    5.18029254116963
3.29583686600433    5.10439117243157
3.3322045101752    5.03023524445457
3.36729582998647    4.95936084054674
3.40119738166216    4.89015478373784
3.43398720448515    4.82417388127541
3.46573590279973    4.75863226463789
3.49650756146648    4.69735269013288
3.52636052461616    4.63656403607032
3.55534806148941    4.57713758217928
3.58351893845611    4.52099408856472
3.61091791264422    4.46520291731843
3.63758615972639    4.40977230156431
3.66356164612965    4.35850838596014
3.68887945411394    4.30756216840321
3.71357206670431    4.25689112837643
3.73766961828337    4.20681492407491
3.76120011569356    4.16056465032894
3.78418963391826    4.11458285644469
3.80666248977032    4.06883786889772
3.8286413964891    4.02329929370955
3.85014760171006    3.97889778948069
3.87120101090789    3.9376886855125
3.89182029811063    3.89670046572939
3.91202300542815    3.85591040355747
3.93182563272433    3.81529662396493
3.95124371858143    3.77483801407112
3.97029191355212    3.73491217923118
3.98898404656427    3.69869083243637
4.00733318523247    3.66265208630287
4.02535169073515    3.62678014678039
4.04305126783455    3.59105977255631
4.06044301054642    3.55547622491004
4.07753744390572    3.520015221133
4.0943445622221    3.48466289111215
4.11087386417331    3.4496632001931
4.12713438504509    3.41847176857127
4.14313472639153    3.38742462826238
4.15888308335967    3.35651145045726
4.17438726989564    3.3257222356952
4.18965474202643    3.2950472884326
4.20469261939097    3.26447719325666
4.21950770517611    3.23400279257878
4.23410650459726    3.20361516566631
4.24849524204936    3.17330560888486
4.26267987704132    3.14306561702523
4.27666611901606    3.11327953161115
4.29045944114839    3.08714033559445
4.30406509320417    3.06110980334276
4.31748811353631    3.03518168525539
4.33073334028633    3.00934990890094
4.34380542185368    2.98360856766147
4.35670882668959    2.95795191002361
4.36944785246702    2.9323743294653
4.38202663467388    2.90687035488829
4.39444915467244    2.88143464155069
4.40671924726425    2.85606196246158
4.4188406077966    2.8307472001975
4.43081679884331    2.80548533910614
4.44265125649032    2.78027145786412
4.45434729625351    2.75510072236257
4.46590811865458    2.72996837888656
4.47733681447821    2.70581527916236
4.48863636973214    2.68474284346108
4.49980967033027    2.66374724164909
4.51085950651685    2.64282508137065
4.52178857704904    2.62197305315942
4.53259949315326    2.60118792618765
4.54329478227    2.58046654422167
4.55387689160054    2.55980582177357
4.56434819146784    2.53920274042772
4.57471097850338    2.51865434534056
4.58496747867057    2.49815774189223
4.59511985013459    2.47771009248903
4.60517018598809    2.45730861349968
4.61512051684126    2.43695057232089
4.62497281328427    2.41663328456299
4.63472898822964    2.39635411134351
4.64439089914137    2.37611045668804
4.65396035015752    2.35589976502686
4.66343909411207    2.33571951878045
4.67282883446191    2.31556723603134
4.68213122712422    2.29544046827334
4.69134788222914    2.27533679823095
4.70048036579242    2.25525383774974
4.70953020131233    2.23518922574728
4.71849887129509    2.21514062622232
4.72738781871234    2.19609529349193
4.7361984483945    2.18007894368734
4.74493212836325    2.16411271611704
4.75359019110636    2.14819503682362
4.76217393479776    2.13232436377026
4.77068462446567    2.11649918560711
4.77912349311153    2.10071802048369
4.78749174278205    2.08497941490112
4.79579054559674    2.06928194262008
4.80402104473326    2.05362420360253
4.81218435537242    2.03800482299447
4.82028156560504    2.02242245014831
4.8283137373023    2.0068757576764
4.83628190695148    1.99136344054726
4.84418708645859    1.97588421520016
4.85203026391962    1.96043681870614
4.85981240436167    1.94502000794329
4.86753445045558    1.92963255881083
4.87519732320115    1.91427326546107
4.88280192258637    1.89894093956444
4.89034912822175    1.88363440958891
4.89783979995091    1.86835252010749
4.90527477843843    1.85309413112918
4.91265488573605    1.83785811744134
4.91998092582813    1.8226433679825
4.92725368515721    1.80744878522181
4.93447393313069    1.79227328456503
4.9416424226093    1.77711579377281
4.94875989037817    1.76197525239558
4.95582705760126    1.74685061121843
4.96284463025991    1.73174083172941
4.969813299576    1.7166448855936
4.97673374242057    1.70156175413888
4.98360662170834    1.68649042785999
4.99043258677874    1.67142990592549
4.99721227376411    1.65637919570758
5.00394630594546    1.64133731230302
5.01063529409626    1.62630327808283
5.01727983681492    1.61127612223497
5.02388052084628    1.59625488032781
5.03043792139244    1.58123859387091
5.03695260241363    1.56622630989153
5.04342511691925    1.55121708050598
5.04985600724954    1.53620996251347
5.05624580534831    1.52120401698124
5.06259503302697    1.5061983088388
5.06890420222023    1.49519134739957
