0    0
0.009980039920159681    2.480099601395533e-09
0.01996007984031936    3.968159362232853e-08
0.02994011976047904    2.008880677130382e-07
0.03992015968063872    6.349054979572565e-07
0.0499001996007984    1.550062250872208e-06
0.05988023952095808    3.214209083408611e-06
0.06986027944111776    5.954719142950674e-06
0.07984031936127745    1.01584879673161e-05
0.08982035928143713    1.627193348475609e-05
0.09980039920159681    2.480099601395533e-05
0.1097804391217565    3.6311138264032e-05
0.1197604790419162    5.142734533453778e-05
0.1297405189620758    7.083412471545783e-05
0.1397205588822355    9.52755062872108e-05
0.1497005988023952    0.0001255550423206488
0.1596806387225548    0.0001625358074770576
0.1696606786427145    0.0002071403988081562
0.1796407185628742    0.0002603509357560973
0.1896207584830338    0.000323209060153467
0.1996007984031935    0.0003968159362232849
0.2095808383233532    0.0004823322505790042
0.2195608782435128    0.0005809782122245113
0.2295409181636725    0.0006940335525541265
0.2395209580838322    0.0008228375253526033
0.2495009980039918    0.0009687889067951287
0.2594810379241515    0.001133345995447324
0.2694610778443112    0.001318026612265241
0.2794411177644708    0.00152440810059537
0.2894211576846305    0.001754127326174631
0.2994011976047902    0.002008880677130378
0.3093812375249498    0.0022904240639804
0.3193612774451095    0.002600572919632917
0.3293413173652692    0.002941202199386586
0.3393213572854288    0.003314246380930494
0.3493013972055885    0.003721699464344164
0.3592814371257482    0.004165614972097551
0.3692614770459078    0.004648105949051043
0.3792415169660675    0.005171344962455464
0.3892215568862272    0.00573756410195207
0.3992015968063868    0.00634905497957255
0.4091816367265465    0.007008168729739027
0.4191616766467062    0.007717316009264057
0.4291417165668658    0.00847896699735063
0.4391217564870255    0.00929565139559217
0.4491017964071852    0.01016995842797253
0.4590818363273448    0.01110453684086601
0.4690618762475045    0.01210209490303733
0.4790419161676642    0.01316540040564164
0.4890219560878238    0.01429728066222453
0.4990019960079835    0.01550062250872204
0.5089820359281432    0.01677837230346062
0.5189620758483029    0.01813353592715715
0.5289421157684626    0.01956917878291897
0.5389221556886223    0.02108842579624384
0.5489021956087821    0.02269446141501993
0.5588822355289418    0.0243905296095259
0.5688622754491015    0.02617993387243078
0.5788423153692612    0.02806603721879407
0.588822355289421    0.0300522621860657
0.5988023952095807    0.03214209083408603
0.6087824351297404    0.03433906474508584
0.6187624750499001    0.03664678502368638
0.6287425149700598    0.03906891229689929
0.6387225548902196    0.04160916671412668
0.6487025948103793    0.04427132794716106
0.658682634730539    0.04705923519018539
0.6686626746506987    0.04997678715977308
0.6786427145708585    0.05302794209488794
0.6886227544910182    0.05621671775688424
0.6986027944111779    0.05954719142950668
0.7085828343313376    0.06302349991889038
0.7185628742514973    0.06664983955356089
0.7285429141716571    0.07043046618443423
0.7385229540918168    0.07436969518481681
0.7485029940119765    0.0784719014504055
0.7584830339321362    0.08274151939928759
0.768463073852296    0.08718304297194081
0.7784431137724557    0.09180102563123332
0.7884231536926154    0.09660008036242372
0.7984031936127751    0.101584879673161
0.8083832335329348    0.1067601555934847
0.8183632734530946    0.1121306996758247
0.8283433133732543    0.1177013629950013
0.838323353293414    0.1234770561482253
0.8483033932135737    0.1294627492550978
0.8582834331337335    0.1356634719576105
0.8682634730538932    0.1420843134201455
0.8782435129740529    0.1487304223294752
0.8882235528942126    0.1556070068947626
0.8982035928143723    0.1627193348475611
0.9081836327345321    0.1700727334418144
0.9181636726546918    0.1776725894538569
0.9281437125748515    0.185524349182413
0.9381237524950112    0.193633518448598
0.948103792415171    0.2020056625959174
0.9580838323353307    0.2106464064902671
0.9680638722554904    0.2195614345199335
0.9780439121756501    0.2287564905955936
0.9880239520958098    0.2382373781503145
0.9980039920159696    0.2480099601395538
1.007984031936129    0.2580801590411599
1.017964071856289    0.2684539568553712
1.027944111776449    0.2791373951048168
1.037924151696608    0.290136574834516
1.047904191616768    0.3014576566118787
1.057884231536928    0.3131068605267053
1.067864271457088    0.3250904661911865
1.077844311377247    0.3374148127399034
1.087824351297407    0.3500862988298276
1.097804391217567    0.3631113826403212
1.107784431137727    0.3764965818731366
1.117764471057886    0.3902484737524168
1.127744510978046    0.404373695024695
1.137724550898206    0.4188789419588951
1.147704590818365    0.4337709703463312
1.157684630738525    0.449056595500708
1.167664670658685    0.4647426922581205
1.177644710578845    0.4808361949770543
1.187624750499004    0.4973440975383853
1.197604790419164    0.5142734533453798
1.207584830339324    0.5316313753236946
1.217564870259483    0.5494250359213771
1.227544910179643    0.5676616671088649
1.237524950099803    0.586348560378986
1.247504990019963    0.6054930667469589
1.257485029940122    0.6251025967503928
1.267465069860282    0.6451846204492869
1.277445109780442    0.6657466674260312
1.287425149700602    0.6867963267854058
1.297405189620761    0.7083412471545815
1.307385229540921    0.7303891366831194
1.317365269461081    0.7529477630429712
1.32734530938124    0.7760249534284787
1.3373253493014    0.7996285945563744
1.34730538922156    0.8237666326657812
1.35728542914172    0.8484470735182125
1.367265469061879    0.8736779823975719
1.377245508982039    0.8994674841101536
1.387225548902199    0.9258237629846423
1.397205588822358    0.952755062872113
1.407185628742518    0.980269687146031
1.417165668662678    1.008375998702252
1.427145708582838    1.037082419959024
1.437125748502997    1.066397432856981
1.447105788423157    1.096329578859152
1.457085828343317    1.126887458950955
1.467065868263477    1.158079733640197
1.477045908183636    1.189915122957077
1.487025948103796    1.222402406454183
1.497005988023956    1.255550423206496
1.506986027944115    1.289368071811385
1.516966067864275    1.32386431038861
1.526946107784435    1.359048156580322
1.536926147704595    1.394928687551062
1.546906187624754    1.431515039987761
1.556886227544914    1.468816410099742
1.566866267465074    1.506842053618717
1.576846307385233    1.545601285798789
1.586826347305393    1.585103481416451
1.596806387225553    1.625358074770586
1.606786427145713    1.66637455968247
1.616766467065872    1.708162489495766
1.626746506986032    1.75073147707653
1.636726546906192    1.794091194813206
1.646706586826352    1.838251374616631
1.656686626746511    1.883221807920032
1.666666666666671    1.929012345679024
1.676646706586831    1.975632898371616
1.68662674650699    2.023093435998204
1.69660678642715    2.071403988081576
1.70658682634731    2.120574643666912
1.71656686626747    2.17061555132178
1.726546906187629    2.22153691913614
1.736526946107789    2.273349014722341
1.746506986027949    2.326062165215123
1.756487025948108    2.379686757271617
1.766467065868268    2.434233237071344
1.776447105788428    2.489712110316216
1.786427145708588    2.546133942230535
1.796407185628747    2.603509357560992
1.806387225548907    2.661849040576671
1.816367265469067    2.721163735069046
1.826347305389227    2.781464244351979
1.836327345309386    2.842761431261725
1.846307385229546    2.905066218156928
1.856287425149706    2.968389586918624
1.866267465069865    3.032742578950237
1.876247504990025    3.098136295177584
1.886227544910185    3.164581896048871
1.896207584830345    3.232090601534695
1.906187624750504    3.300673691128042
1.916167664670664    3.370342503844291
1.926147704590824    3.441108438221209
1.936127744510983    3.512982952318955
1.946107784431143    3.585977563720077
1.956087824351303    3.660103849529516
1.966067864271463    3.7353734463746
1.976047904191622    3.811798050405051
1.986027944111782    3.889389417292977
1.996007984031942    3.968159362232882
2.005988023952102    4.048119759941655
2.015968063872261    4.129282544658579
2.025948103792421    4.211659710145327
2.035928143712581    4.295263309685962
2.04590818363274    4.380105456086935
2.0558882235529    4.466198321677091
2.06586826347306    4.553554138307664
2.07584830339322    4.642185197352279
2.085828343313379    4.732103849706951
2.095808383233539    4.823322505790084
2.105788423153699    4.915853635542475
2.115768463073858    5.00970976842731
2.125748502994018    5.104903493430166
2.135728542914178    5.201447459059009
2.145708582834338    5.299354373344198
2.155688622754497    5.398637003838481
2.165668662674657    5.499308177616994
2.175648702594817    5.601380781277268
2.185628742514977    5.704867760939223
2.195608782435136    5.809782122245167
2.205588822355296    5.916136930359801
2.215568862275456    6.023945309970214
2.225548902195615    6.13322044528589
2.235528942115775    6.243975580038698
2.245508982035935    6.356224017482901
2.255489021956095    6.46997912039515
2.265469061876254    6.58525431107449
2.275449101796414    6.702063071342352
2.285429141716574    6.820418942542561
2.295409181636733    6.940335525541331
2.305389221556893    7.061826480727265
2.315369261477053    7.18490552801136
2.325349301397213    7.309586446827
2.335329341317372    7.435883076129961
2.345309381237532    7.56380931439841
2.355289421157692    7.693379119632903
2.365269461077852    7.824606509356387
2.375249500998011    7.957505560614199
2.385229540918171    8.092090409974068
2.395209580838331    8.228375253526112
2.40518962075849    8.366374346882839
2.41516966067865    8.50610200517915
2.42514970059881    8.647572603072334
2.43512974051897    8.79080057474207
2.445109780439129    8.93580041389043
2.455089820359289    9.082586673741874
2.465069860279449    9.231173967043254
2.475049900199608    9.381576966063813
2.485029940119768    9.533810402595181
2.495009980039928    9.687889067951382
2.504990019960088    9.843827812968827
2.514970059880247    10.00164154800632
2.524950099800407    10.16134524294506
2.534930139720567    10.32295392718863
2.544910179640727    10.486482689663
2.554890219560886    10.65194667881654
2.564870259481046    10.81936110262
2.574850299401206    10.98874122856654
2.584830339321365    11.16010238367167
2.594810379241525    11.33345995447335
2.604790419161685    11.50882938703187
2.614770459081845    11.68622618692996
2.624750499002004    11.8656659192727
2.634730538922164    12.04716420868758
2.644710578842324    12.2307367393245
2.654690618762483    12.41639925485571
2.664670658682643    12.60416755847587
2.674650698602803    12.79405751290204
2.684630738522963    12.98608504037366
2.694610778443122    13.18026612265255
2.704590818363282    13.37661680102295
2.714570858283442    13.57515317629145
2.724550898203602    13.77589140878707
2.734530938123761    13.97884771836121
2.744510978043921    14.18403838438763
2.754491017964081    14.39147974576251
2.76447105788424    14.60118820090443
2.7744510978044    14.81318020775433
2.78443113772456    15.02747228377557
2.79441117764472    15.24408100595386
2.804391217564879    15.46302301079736
2.814371257485039    15.68431499433655
2.824351297405199    15.90797371212437
2.834331337325358    16.1340159792361
2.844311377245518    16.36245867026943
2.854291417165678    16.59331871934444
2.864271457085838    16.82661312010359
2.874251497005997    17.06235892571176
2.884231536926157    17.30057324885618
2.894211576846317    17.5412732617465
2.904191616766477    17.78447619611475
2.914171656686636    18.03019934321534
2.924151696606796    18.2784600538251
2.934131736526956    18.52927573824321
2.944111776447115    18.78266386629128
2.954091816367275    19.03864196731329
2.964071856287435    19.29722763017561
2.974051896207595    19.55843850326699
2.984031936127754    19.82229229449861
2.994011976047914    20.088806771304
3.003992015968074    20.3579997606391
3.013972055888233    20.62988914898222
3.023952095808393    20.9044928823341
3.033932135728553    21.18182896621783
3.043912175648713    21.4619154656789
3.053892215568872    21.74477050528522
3.063872255489032    22.03041226912705
3.073852295409192    22.31885900081706
3.083832335329352    22.61012900349031
3.093812375249511    22.90424063980425
3.103792415169671    23.20121233193872
3.113772455089831    23.50106256159595
3.12375249500999    23.80380987000056
3.13373253493015    24.10947285789955
3.14371257485031    24.41807018556234
3.15369261477047    24.7296205727807
3.163672654690629    25.04414279886883
3.173652694610789    25.36165570266329
3.183632734530949    25.68217818252305
3.193612774451108    26.00572919632947
3.203592814371268    26.33232776148627
3.213572854291428    26.6619929549196
3.223552894211588    26.99474391307799
3.233532934131747    27.33059983193234
3.243512974051907    27.66957996697596
3.253493013972067    28.01170363322456
3.263473053892227    28.3569902052162
3.273453093812386    28.70545911701138
3.283433133732546    29.05712986219296
3.293413173652706    29.41202199386619
3.303393213572865    29.77015512465872
3.313373253493025    30.1315489267206
3.323353293413185    30.49622313172424
3.333333333333345    30.86419753086448
3.343313373253504    31.23549197485851
3.353293413173664    31.61012637394594
3.363273453093824    31.98812069788876
3.373253493013983    32.36949497597135
3.383233532934143    32.75426929700048
3.393213572854303    33.14246380930532
3.403193612774463    33.53409872073741
3.413173652694622    33.9291942986707
3.423153692614782    34.32777087000152
3.433133732534942    34.72984882114859
3.443113772455102    35.13544859805303
3.453093812375261    35.54459070617835
3.463073852295421    35.95729571051043
3.473053892215581    36.37358423555756
3.48303393213574    36.79347696535042
3.4930139720559    37.21699464344208
3.50299401197606    37.64415807290798
3.51297405189622    38.07498811634598
3.522954091816379    38.50950569587632
3.532934131736539    38.94773179314162
3.542914171656699    39.3896874493069
3.552894211576858    39.83539376505958
3.562874251497018    40.28487190060944
3.572854291417178    40.73814307568868
3.582834331337338    41.19522856955187
3.592814371257497    41.656149720976
3.602794411177657    42.12092792826041
3.612774451097817    42.58958464922687
3.622754491017977    43.06214140121951
3.632734530938136    43.53861976110487
3.642714570858296    44.01904136527186
3.652694610778456    44.5034279096318
3.662674650698615    44.9918011496184
3.672654690618775    45.48418290018774
3.682634730538935    45.98059503581831
3.692614770459095    46.48105949051099
3.702594810379254    46.98559825778905
3.712574850299414    47.49423339069813
3.722554890219574    48.00698700180628
3.732534930139733    48.52388126320395
3.742514970059893    49.04493840650395
3.752495009980053    49.5701807228415
3.762475049900213    50.09963056287422
3.772455089820372    50.6333103367821
3.782435129740532    51.17124251426752
3.792415169660692    51.71344962455527
3.802395209580852    52.25995425639253
3.812375249501011    52.81077905804884
3.822355289421171    53.36594673731615
3.832335329341331    53.92548006150881
3.84231536926149    54.48940185746356
3.85229540918165    55.05773501153951
3.86227544910181    55.63050246961816
3.87225548902197    56.20772723710344
3.882235528942129    56.78943237892162
3.892215568862289    57.3756410195214
3.902195608782449    57.96637634287384
3.912175648702608    58.56166159247242
3.922155688622768    59.16152007133298
3.932135728542928    59.76597514199377
3.942115768463088    60.37505022651543
3.952095808383247    60.98876880648098
3.962075848303407    61.60715442299583
3.972055888223567    62.2302306766878
3.982035928143727    62.85802122770709
3.992015968063886    63.49054979572627
4.001996007984046    64.12784015994033
4.011976047904205    64.76991615906664
4.021956087824364    65.41680169134496
4.031936127744523    66.06852071453743
4.041916167664683    66.72509724592859
4.051896207584842    67.3865553623254
4.061876247505001    68.05291920005713
4.07185628742516    68.72421295497553
4.08183632734532    69.40046088245468
4.091816367265479    70.08168729739108
4.101796407185638    70.76791657420362
4.111776447105798    71.45917314683358
4.121756487025957    72.1554815087446
4.131736526946116    72.85686621292275
4.141716566866275    73.56335187187646
4.151696606786435    74.27496315763658
4.161676646706594    74.99172480175632
4.171656686626753    75.71366159531131
4.181636726546913    76.44079838889955
4.191616766467072    77.17316009264144
4.201596806387231    77.91077167617976
4.21157684630739    78.6536581686797
4.22155688622755    79.40184465882881
4.231536926147709    80.15535629483705
4.241516966067868    80.91421828443677
4.251497005988027    81.67845589488272
4.261477045908187    82.44809445295202
4.271457085828346    83.22315934494419
4.281437125748505    84.00367601668115
4.291417165668665    84.7896699735072
4.301397205588824    85.58116678028902
4.311377245508983    86.3781920614157
4.321357285429142    87.18077150079871
4.331337325349302    87.98893084187191
4.341317365269461    88.80269588759155
4.35129740518962    89.62209250043628
4.36127744510978    90.44714660240713
4.371257485029939    91.27788417502752
4.381237524950098    92.11433125934329
4.391217564870257    92.95651395592262
4.401197604790417    93.80445842485611
4.411177644710576    94.65819088575674
4.421157684630735    95.51773761775989
4.431137724550894    96.38312495952334
4.441117764471054    97.25437930922723
4.451097804391213    98.13152712457412
4.461077844311372    99.01459492278894
4.471057884231532    99.90360928061902
4.481037924151691    100.7985968343341
4.49101796407185    101.6995842797263
4.500998003992009    102.60659837211
4.510978043912169    103.5196659263222
4.520958083832328    104.4388138167222
4.530938123752487    105.3640689771916
4.540918163672647    106.2954584011346
4.550898203592806    107.2330091414774
4.560878243512965    108.1767483106691
4.570858283433124    109.1267030806807
4.580838323353284    110.082900683006
4.590818363273443    111.045368408661
4.600798403193602    112.0141336081841
4.610778443113762    112.9892236916359
4.620758483033921    113.9706661285999
4.63073852295408    114.9584884481814
4.640718562874239    115.9527182390086
4.650698602794399    116.9533831492316
4.660678642714558    117.9605108865234
4.670658682634717    118.974129218079
4.680638722554876    119.9942659706159
4.690618762475036    121.0209490303742
4.700598802395195    122.0542063431159
4.710578842315354    123.094065914126
4.720558882235514    124.1405558082114
4.730538922155673    125.1937041497017
4.740518962075832    126.2535391224487
4.750499001995991    127.3200889698266
4.760479041916151    128.3933819947322
4.77045908183631    129.4734465595845
4.780439121756469    130.5603110863249
4.790419161676629    131.6540040564172
4.800399201596788    132.7545540108476
4.810379241516947    133.8619895501247
4.820359281437106    134.9763393342797
4.830339321357266    136.0976320828657
4.840319361277425    137.2258965749586
4.850299401197584    138.3611616491566
4.860279441117743    139.5034562035802
4.870259481037903    140.6528091958723
4.880239520958062    141.8092496431983
4.890219560878221    142.972806622246
4.900199600798381    144.1435092692254
4.91017964071854    145.321386779869
4.920159680638699    146.5064684094318
4.930139720558858    147.6987834726911
4.940119760479018    148.8983613439464
4.950099800399177    150.10523145702
4.960079840319336    151.3194233052561
4.970059880239496    152.5409664415218
4.980039920159655    153.7698904782062
4.990019960079814    155.0062250872209
4.999999999999973    156.2500000000001
