0    0
0.009980039920159681    0.009979874249506308
0.01996007984031936    0.01995875449984373
0.02994011976047904    0.02993564685084621
0.03992015968063872    0.03990955760034319
0.0499001996007984    0.04987949334313274
0.05988023952095808    0.05984446106992505
0.06986027944111776    0.06980346826624656
0.07984031936127745    0.07975552301129475
0.08982035928143713    0.0896996340767338
0.09980039920159681    0.09963481102542135
0.1097804391217565    0.1095600643100563
0.1197604790419162    0.1194744053717383
0.1297405189620758    0.1293768467384284
0.1397205588822355    0.1392664021233015
0.1497005988023952    0.1491420865229812
0.1596806387225548    0.1590029163156466
0.1696606786427145    0.1688479093590006
0.1796407185628742    0.1786760850880927
0.1896207584830338    0.1884864646129829
0.1996007984031935    0.1982780708162396
0.2095808383233532    0.2080499284502614
0.2195608782435128    0.2178010642344113
0.2295409181636725    0.2275305069519563
0.2395209580838322    0.237237287546801
0.2495009980039918    0.2469204392200058
0.2594810379241515    0.2565789975260802
0.2694610778443112    0.2662120004690424
0.2794411177644708    0.2758184885982343
0.2894211576846305    0.2853975051038827
0.2994011976047902    0.2949480959123986
0.3093812375249498    0.3044693097814029
0.3193612774451095    0.3139601983944705
0.3293413173652692    0.3234198164555829
0.3393213572854288    0.3328472217832804
0.3493013972055885    0.3422414754045032
0.3592814371257482    0.351601641648114
0.3692614770459078    0.3609267882380907
0.3792415169660675    0.3702159863863817
0.3892215568862272    0.3794683108854137
0.3992015968063868    0.3886828402002423
0.4091816367265465    0.3978586565603375
0.4191616766467062    0.4069948460509938
0.4291417165668658    0.4160904987043569
0.4391217564870255    0.4251447085900562
0.4491017964071852    0.434156573905436
0.4590818363273448    0.4431251970653758
0.4690618762475045    0.4520496847916897
0.4790419161676642    0.4609291482020972
0.4890219560878238    0.4697627028987563
0.4990019960079835    0.47854946905635
0.5089820359281432    0.4872885715097171
0.5189620758483029    0.4959791398410189
0.5289421157684626    0.5046203084664334
0.5389221556886223    0.5132112167223672
0.5489021956087821    0.521751008951179
0.5588822355289418    0.5302388345864019
0.5688622754491015    0.5386738482374615
0.5788423153692612    0.5470552097738763
0.588822355289421    0.5553820844089356
0.5988023952095807    0.5636536427828437
0.6087824351297404    0.5718690610453255
0.6187624750499001    0.5800275209376816
0.6287425149700598    0.5881282098742873
0.6387225548902196    0.5961703210235263
0.6487025948103793    0.6041530533881521
0.658682634730539    0.6120756118850665
0.6686626746506987    0.6199372074245114
0.6786427145708585    0.6277370569886614
0.6886227544910182    0.6354743837096133
0.6986027944111779    0.6431484169467621
0.7085828343313376    0.6507583923635573
0.7185628742514973    0.6583035520036309
0.7285429141716571    0.6657831443662904
0.7385229540918168    0.6731964244813683
0.7485029940119765    0.6805426539834215
0.7584830339321362    0.6878211011852728
0.768463073852296    0.6950310411508873
0.7784431137724557    0.702171755767576
0.7884231536926154    0.7092425338175202
0.7984031936127751    0.7162426710486095
0.8083832335329348    0.7231714702445848
0.8183632734530946    0.7300282412944821
0.8283433133732543    0.7368123012613669
0.838323353293414    0.7435229744503559
0.8483033932135737    0.7501595924759158
0.8582834331337335    0.7567214943284352
0.8682634730538932    0.763208026440061
0.8782435129740529    0.7696185427497944
0.8882235528942126    0.7759524047678382
0.8982035928143723    0.7822089816391915
0.9081836327345321    0.7883876502064823
0.9181636726546918    0.7944877950720345
0.9281437125748515    0.800508808659162
0.9381237524950112    0.8064500912726831
0.948103792415171    0.8123110511586508
0.9580838323353307    0.8180911045632911
0.9680638722554904    0.823789675791146
0.9780439121756501    0.8294061972624122
0.9880239520958098    0.8349401095694723
0.9980039920159696    0.8403908615326126
1.007984031936129    0.8457579102549201
1.017964071856289    0.8510407211763559
1.027944111776449    0.8562387681269971
1.037924151696608    0.8613515333794436
1.047904191616768    0.866378507700384
1.057884231536928    0.8713191904013157
1.067864271457088    0.8761730893884129
1.077844311377247    0.8809397212115402
1.087824351297407    0.8856186111124039
1.097804391217567    0.8902092930718384
1.107784431137727    0.8947113098562214
1.117764471057886    0.8991242130630149
1.127744510978046    0.9034475631654265
1.137724550898206    0.907680929556186
1.147704590818365    0.9118238905904339
1.157684630738525    0.9158760336277181
1.167664670658685    0.9198369550730923
1.177644710578845    0.9237062604173146
1.187624750499004    0.9274835642761409
1.197604790419164    0.9311684904287086
1.207584830339324    0.9347606718550094
1.217564870259483    0.9382597507724438
1.227544910179643    0.9416653786714565
1.237524950099803    0.9449772163502483
1.247504990019963    0.9481949339485609
1.257485029940122    0.9513182109805306
1.267465069860282    0.954346736366609
1.277445109780442    0.957280208464547
1.287425149700602    0.9601183350994377
1.297405189620761    0.962860833592818
1.307385229540921    0.9655074307908231
1.317365269461081    0.9680578630913925
1.32734530938124    0.9705118764705252
1.3373253493014    0.9728692265075803
1.34730538922156    0.9751296784096219
1.35728542914172    0.9772930070348038
1.367265469061879    0.9793589969147943
1.377245508982039    0.9813274422762369
1.387225548902199    0.983198147061245
1.397205588822358    0.9849709249469295
1.407185628742518    0.9866455993639571
1.417165668662678    0.988222003514136
1.427145708582838    0.9896999803870296
1.437125748502997    0.991079382775594
1.447105788423157    0.9923600732908412
1.457085828343317    0.9935419243755217
1.467065868263477    0.99462481831683
1.477045908183636    0.9956086472581289
1.487025948103796    0.9964933132096917
1.497005988023956    0.9972787280584622
1.506986027944115    0.9979648135768308
1.516966067864275    0.9985515014304259
1.526946107784435    0.9990387331849203
1.536926147704595    0.9994264603118509
1.546906187624754    0.9997146441934522
1.556886227544914    0.9999032561265031
1.566866267465074    0.9999922773251853
1.576846307385233    0.9999816989229542
1.586826347305393    0.9998715219734228
1.596806387225553    0.999661757450256
1.606786427145713    0.999352426246078
1.616766467065872    0.9989435591703911
1.626746506986032    0.9984351969465075
1.636726546906192    0.9978273902074928
1.646706586826352    0.9971201994911231
1.656686626746511    0.9963136952338555
1.666666666666671    0.9954079577638125
1.676646706586831    0.9944030772927813
1.68662674650699    0.9932991539072288
1.69660678642715    0.9920962975583326
1.70658682634731    0.9907946280510305
1.71656686626747    0.9893942750320869
1.726546906187629    0.9878953779771809
1.736526946107789    0.9862980861770138
1.746506986027949    0.9846025587224401
1.756487025948108    0.9828089644886218
1.766467065868268    0.9809174821182084
1.776447105788428    0.978928300003544
1.786427145708588    0.9768416162679034
1.796407185628747    0.9746576387457589
1.806387225548907    0.9723765849620801
1.816367265469067    0.969998682110668
1.826347305389227    0.9675241670315265
1.836327345309386    0.9649532861872736
1.846307385229546    0.9622862956385926
1.856287425149706    0.9595234610187292
1.866267465069865    0.9566650575070342
1.876247504990025    0.9537113698015552
1.886227544910185    0.9506626920906808
1.896207584830345    0.9475193280238392
1.906187624750504    0.9442815906812549
1.916167664670664    0.9409498025427655
1.926147704590824    0.9375242954557026
1.936127744510983    0.9340054106018398
1.946107784431143    0.930393498463411
1.956087824351303    0.9266889187882019
1.966067864271463    0.9228920405537192
1.976047904191622    0.9190032419304403
1.986027944111782    0.9150229102441471
1.996007984031942    0.9109514419373488
2.005988023952102    0.9067892425297956
2.015968063872261    0.9025367265780889
2.025948103792421    0.8981943176343913
2.035928143712581    0.8937624482042407
2.04590818363274    0.8892415597034725
2.0558882235529    0.8846321024142546
2.06586826347306    0.8799345354402389
2.07584830339322    0.8751493266608347
2.085828343313379    0.8702769526846071
2.095808383233539    0.8653178988018078
2.105788423153699    0.8602726589360384
2.115768463073858    0.8551417355950571
2.125748502994018    0.8499256398207274
2.135728542914178    0.8446248911381189
2.145708582834338    0.8392400175037622
2.155688622754497    0.8337715552530641
2.165668662674657    0.8282200490468887
2.175648702594817    0.8225860518173088
2.185628742514977    0.8168701247125335
2.195608782435136    0.8110728370410178
2.205588822355296    0.8051947662147595
2.215568862275456    0.7992364976917882
2.225548902195615    0.7931986249178539
2.235528942115775    0.7870817492673194
2.245508982035935    0.7808864799832635
2.255489021956095    0.7746134341167997
2.265469061876254    0.7682632364656178
2.275449101796414    0.7618365195117541
2.285429141716574    0.7553339233585957
2.295409181636733    0.7487560956671261
2.305389221556893    0.7421036915914176
2.315369261477053    0.7353773737133783
2.325349301397213    0.7285778119767582
2.335329341317372    0.7217056836204228
2.345309381237532    0.7147616731108996
2.355289421157692    0.7077464720742054
2.365269461077852    0.7006607792269597
2.375249500998011    0.6935053003067925
2.385229540918171    0.6862807480020524
2.395209580838331    0.6789878418808227
2.40518962075849    0.6716273083192522
2.41516966067865    0.6641998804292077
2.42514970059881    0.6567062979852559
2.43512974051897    0.6491473073509816
2.445109780439129    0.6415236614046494
2.455089820359289    0.6338361194642171
2.465069860279449    0.6260854472117071
2.475049900199608    0.6182724166169442
2.485029940119768    0.6103978058606673
2.495009980039928    0.6024623992570218
2.504990019960088    0.5944669871754426
2.514970059880247    0.5864123659619318
2.524950099800407    0.5782993378597435
2.534930139720567    0.5701287109294791
2.544910179640727    0.5619012989686049
2.554890219560886    0.5536179214303969
2.564870259481046    0.5452794033423237
2.574850299401206    0.5368865752238728
2.584830339321365    0.5284402730038311
2.594810379241525    0.5199413379370256
2.604790419161685    0.5113906165205342
2.614770459081845    0.5027889604093747
2.624750499002004    0.4941372263316792
2.634730538922164    0.4854362760033637
2.644710578842324    0.4766869760423012
2.654690618762483    0.4678901978820058
2.664670658682643    0.459046817684838
2.674650698602803    0.4501577162547382
2.684630738522963    0.4412237789494987
2.694610778443122    0.4322458955925815
2.704590818363282    0.4232249603844916
2.714570858283442    0.4141618718137144
2.724550898203602    0.4050575325672257
2.734530938123761    0.3959128494405839
2.744510978043921    0.3867287332476128
2.754491017964081    0.3775060987296843
2.76447105788424    0.3682458644646095
2.7744510978044    0.3589489527751484
2.78443113772456    0.3496162896371461
2.79441117764472    0.340248804587305
2.804391217564879    0.330847430630603
2.814371257485039    0.3214131041473655
2.824351297405199    0.3119467648000018
2.834331337325358    0.3024493554394145
2.844311377245518    0.2929218220110907
2.854291417165678    0.283365113460886
2.864271457085838    0.2737801816405089
2.874251497005997    0.2641679812127161
2.884231536926157    0.2545294695562275
2.894211576846317    0.2448656066703713
2.904191616766477    0.2351773550794674
2.914171656686636    0.22546567973696
2.924151696606796    0.2157315479293073
2.934131736526956    0.20597592917964
2.944111776447115    0.196199795151196
2.954091816367275    0.1864041195505426
2.964071856287435    0.1765898780305949
2.974051896207595    0.1667580480934407
2.984031936127754    0.1569096089929802
2.994011976047914    0.1470455416373929
3.003992015968074    0.1371668284914378
3.013972055888233    0.1272744534786004
3.023952095808393    0.1173694018830932
3.033932135728553    0.1074526602517208
3.043912175648713    0.0975252162956198
3.053892215568872    0.08758805879188239
3.063872255489032    0.07764217748507359
3.073852295409192    0.06768856298865247
3.083832335329352    0.05772820668630667
3.093812375249511    0.04776210063321016
3.103792415169671    0.03779123745721423
3.113772455089831    0.02781661025998138
3.12375249500999    0.01783921251807199
3.13373253493015    0.007860037983993753
3.14371257485031    -0.002119919412776509
3.15369261477047    -0.01209966566478855
3.163672654690629    -0.02207820678562222
3.173652694610789    -0.0320545489088889
3.183632734530949    -0.0420276983872209
3.193612774451108    -0.05199666189123918
3.203592814371268    -0.06196044650848928
3.213572854291428    -0.07191805984233579
3.223552894211588    -0.0818685101108054
3.233532934131747    -0.09181080624536875
3.243512974051907    -0.1017439579896513
3.253493013972067    -0.111666975998063
3.263473053892227    -0.1215788719343379
3.273453093812386    -0.1314786585699723
3.283433133732546    -0.1413653498825535
3.293413173652706    -0.1512379611539677
3.303393213572865    -0.1610955090684786
3.313373253493025    -0.1709370118106655
3.323353293413185    -0.1807614891632132
3.333333333333345    -0.1905679626045412
3.343313373253504    -0.2003554554062656
3.353293413173664    -0.2101229927304809
3.363273453093824    -0.2198696017268548
3.373253493013983    -0.2295943116295241
3.383233532934143    -0.2392961538537833
3.393213572854303    -0.2489741620925565
3.403193612774463    -0.2586273724126411
3.413173652694622    -0.2682548233507168
3.423153692614782    -0.2778555560091069
3.433133732534942    -0.2874286141512857
3.443113772455102    -0.2969730442971192
3.453093812375261    -0.3064878958178325
3.463073852295421    -0.3159722210306927
3.473053892215581    -0.3254250752933986
3.48303393213574    -0.3348455170981672
3.4930139720559    -0.3442326081655082
3.50299401197606    -0.3535854135376773
3.51297405189622    -0.3629030016717978
3.522954091816379    -0.3721844445326434
3.532934131736539    -0.38142881768507
3.542914171656699    -0.3906352003860904
3.552894211576858    -0.3998026756765803
3.562874251497018    -0.408930330472608
3.572854291417178    -0.4180172556563776
3.582834331337338    -0.4270625461667779
3.592814371257497    -0.4360653010895265
3.602794411177657    -0.445024623746901
3.612774451097817    -0.4539396217870492
3.622754491017977    -0.4628094072728667
3.632734530938136    -0.4716330967704365
3.642714570858296    -0.4804098114370192
3.652694610778456    -0.4891386771085856
3.662674650698615    -0.4978188243868844
3.672654690618775    -0.5064493887260342
3.682634730538935    -0.5150295105186327
3.692614770459095    -0.5235583351813738
3.702594810379254    -0.5320350132401648
3.712574850299414    -0.5404587004147338
3.722554890219574    -0.5488285577027205
3.732534930139733    -0.5571437514632417
3.742514970059893    -0.5654034534999212
3.752495009980053    -0.5736068411433793
3.762475049900213    -0.5817530973331708
3.772455089820372    -0.5898414106991643
3.782435129740532    -0.597870975642355
3.792415169660692    -0.6058409924151029
3.802395209580852    -0.6137506672007879
3.812375249501011    -0.6215992121928737
3.822355289421171    -0.6293858456733747
3.832335329341331    -0.6371097920907144
3.84231536926149    -0.644770282136971
3.85229540918165    -0.6523665528245007
3.86227544910181    -0.6598978475619318
3.87225548902197    -0.6673634162295212
3.882235528942129    -0.6747625152538665
3.892215568862289    -0.6820944076819667
3.902195608782449    -0.6893583632546223
3.912175648702608    -0.6965536584791699
3.922155688622768    -0.7036795767015424
3.932135728542928    -0.7107354081776474
3.942115768463088    -0.7177204501440586
3.952095808383247    -0.7246340068880111
3.962075848303407    -0.7314753898166944
3.972055888223567    -0.738243917525837
3.982035928143727    -0.744938915867574
3.992015968063886    -0.7515597180175928
4.001996007984046    -0.7581056645415489
4.011976047904205    -0.7645761034607459
4.021956087824364    -0.7709703903170728
4.031936127744523    -0.7772878882371922
4.041916167664683    -0.7835279679959732
4.051896207584842    -0.7896900080791625
4.061876247505001    -0.7957733947452871
4.07185628742516    -0.8017775220867837
4.08183632734532    -0.807701792090347
4.091816367265479    -0.8135456146964921
4.101796407185638    -0.8193084078583247
4.111776447105798    -0.8249895975995132
4.121756487025957    -0.8305886180714566
4.131736526946116    -0.8361049116096438
4.141716566866275    -0.841537928789197
4.151696606786435    -0.8468871284795941
4.161676646706594    -0.8521519778985664
4.171656686626753    -0.8573319526651634
4.181636726546913    -0.862426536851981
4.191616766467072    -0.8674352230365489
4.201596806387231    -0.8723575123518693
4.21157684630739    -0.8771929145361048
4.22155688622755    -0.8819409479814083
4.231536926147709    -0.8866011397818914
4.241516966067868    -0.891173025780726
4.251497005988027    -0.8956561506163747
4.261477045908187    -0.9000500677679446
4.271457085828346    -0.9043543395996613
4.281437125748505    -0.9085685374044573
4.291417165668665    -0.9126922414466717
4.301397205588824    -0.9167250410038557
4.311377245508983    -0.9206665344076808
4.321357285429142    -0.9245163290839453
4.331337325349302    -0.9282740415916747
4.341317365269461    -0.9319392976613124
4.35129740518962    -0.9355117322319976
4.36127744510978    -0.9389909894879247
4.371257485029939    -0.9423767228937835
4.381237524950098    -0.9456685952292737
4.391217564870257    -0.9488662786226925
4.401197604790417    -0.9519694545835902
4.411177644710576    -0.9549778140344928
4.421157684630735    -0.9578910573416856
4.431137724550894    -0.960708894345057
4.441117764471054    -0.9634310443869987
4.451097804391213    -0.9660572363403589
4.461077844311372    -0.9685872086354472
4.471057884231532    -0.9710207092860867
4.481037924151691    -0.973357495914712
4.49101796407185    -0.97559733577651
4.500998003992009    -0.9777400057826016
4.510978043912169    -0.979785292522261
4.520958083832328    -0.9817329922841722
4.530938123752487    -0.983582911076718
4.540918163672647    -0.985334864647302
4.550898203592806    -0.9869886785007002
4.560878243512965    -0.9885441879164407
4.570858283433124    -0.9900012379652101
4.580838323353284    -0.9913596835242842
4.590818363273443    -0.9926193892919826
4.600798403193602    -0.9937802298011447
4.610778443113762    -0.994842089431626
4.620758483033921    -0.9958048624218144
4.63073852295408    -0.9966684528791638
4.640718562874239    -0.9974327747897451
4.650698602794399    -0.9980977520268131
4.660678642714558    -0.9986633183583887
4.670658682634717    -0.9991294174538562
4.680638722554876    -0.9994960028895731
4.690618762475036    -0.9997630381534943
4.700598802395195    -0.9999304966488087
4.710578842315354    -0.9999983616965883
4.720558882235514    -0.9999666265374491
4.730538922155673    -0.9998352943322246
4.740518962075832    -0.9996043781616513
4.750499001995991    -0.9992739010250651
4.760479041916151    -0.9988438958381111
4.77045908183631    -0.9983144054294651
4.780439121756469    -0.9976854825365679
4.790419161676629    -0.9969571898003722
4.800399201596788    -0.9961295997591041
4.810379241516947    -0.995202794841038
4.820359281437106    -0.9941768673562869
4.830339321357266    -0.9930519194876077
4.840319361277425    -0.9918280632802247
4.850299401197584    -0.9905054206306689
4.860279441117743    -0.9890841232746379
4.870259481037903    -0.9875643127738742
4.880239520958062    -0.9859461405020663
4.890219560878221    -0.9842297676297712
4.900199600798381    -0.9824153651083624
4.91017964071854    -0.9805031136530024
4.920159680638699    -0.9784932037246438
4.930139720558858    -0.9763858355110594
4.940119760479018    -0.9741812189069032
4.950099800399177    -0.971879573492805
4.960079840319336    -0.9694811285134997
4.970059880239496    -0.966986122854995
4.980039920159655    -0.9643948050207778
4.990019960079814    -0.9617074331070634
4.999999999999973    -0.9589242747770892
